chain, residue_label, residue_name, score, zscore, probability, pocket
A,   33, PRO,  0.0766,  -0.3368,   0.0016, 0
A,   34, LEU,  0.6897,   0.0050,   0.0676, 0
A,   35, GLU,  0.2294,  -0.2516,   0.0087, 0
A,   36, SER,  0.0509,  -0.3511,   0.0010, 0
A,   37, GLN,  0.0573,  -0.3475,   0.0012, 0
A,   38, TYR,  0.3777,  -0.1689,   0.0212, 0
A,   39, GLN,  0.0759,  -0.3372,   0.0016, 0
A,   40, VAL,  0.8452,   0.0916,   0.1017, 0
A,   41, GLY,  0.1376,  -0.3028,   0.0038, 0
A,   42, PRO,  0.0456,  -0.3541,   0.0009, 0
A,   43, LEU,  0.0471,  -0.3532,   0.0010, 0
A,   44, LEU,  3.0748,   1.3345,   0.6226, 1
A,   45, GLY,  0.8811,   0.1116,   0.1105, 1
A,   46, SER,  0.3042,  -0.2099,   0.0143, 0
A,   47, GLY,  0.1152,  -0.3152,   0.0029, 0
A,   48, GLY,  0.8147,   0.0747,   0.0946, 2
A,   49, PHE,  3.7521,   1.7120,   0.7143, 1
A,   50, GLY,  0.1177,  -0.3139,   0.0030, 0
A,   51, SER,  0.1417,  -0.3005,   0.0040, 0
A,   52, VAL,  3.6649,   1.6634,   0.7040, 1
A,   53, TYR,  0.8600,   0.0999,   0.1053, 0
A,   54, SER,  0.0596,  -0.3463,   0.0012, 0
A,   55, GLY,  0.0250,  -0.3655,   0.0006, 0
A,   56, ILE,  0.0258,  -0.3651,   0.0006, 0
A,   57, ARG,  0.0290,  -0.3633,   0.0006, 0
A,   58, VAL,  0.0078,  -0.3751,   0.0003, 0
A,   59, SER,  0.0119,  -0.3728,   0.0004, 0
A,   60, ASP,  0.0057,  -0.3763,   0.0003, 0
A,   61, ASN,  0.0061,  -0.3760,   0.0003, 0
A,   62, LEU,  0.0300,  -0.3628,   0.0006, 0
A,   63, PRO,  0.0134,  -0.3720,   0.0004, 0
A,   64, VAL,  0.0104,  -0.3737,   0.0004, 0
A,   65, ALA,  2.4491,   0.9857,   0.5118, 1
A,   66, ILE,  0.8809,   0.1115,   0.1104, 0
A,   67, LYS,  1.6495,   0.5400,   0.3238, 1
A,   68, HIS,  1.0161,   0.1869,   0.1453, 0
A,   69, VAL,  0.2741,  -0.2267,   0.0119, 3
A,   70, GLU,  0.0589,  -0.3466,   0.0012, 0
A,   71, LYS,  0.0803,  -0.3347,   0.0017, 0
A,   72, ASP,  0.0063,  -0.3759,   0.0003, 0
A,   73, ARG,  0.3287,  -0.1962,   0.0165, 3
A,   74, ILE,  0.2711,  -0.2284,   0.0116, 3
A,   75, SER,  0.2653,  -0.2316,   0.0112, 3
A,   76, ASP,  0.5998,  -0.0451,   0.0513, 3
A,   77, TRP,  0.2416,  -0.2448,   0.0095, 0
A,   78, GLY,  0.0577,  -0.3473,   0.0012, 0
A,   79, GLU,  0.0412,  -0.3565,   0.0008, 0
A,   80, LEU,  0.2543,  -0.2377,   0.0104, 0
A,   81, PRO,  0.0858,  -0.3317,   0.0019, 0
A,   82, ASN,  0.1382,  -0.3024,   0.0038, 0
A,   83, GLY,  0.0102,  -0.3738,   0.0004, 0
A,   84, THR,  0.0638,  -0.3439,   0.0013, 0
A,   85, ARG,  0.1427,  -0.2999,   0.0040, 0
A,   86, VAL,  0.0258,  -0.3651,   0.0006, 0
A,   87, PRO,  0.1357,  -0.3038,   0.0037, 0
A,   88, MET,  0.2953,  -0.2149,   0.0136, 0
A,   89, GLU,  0.6317,  -0.0274,   0.0568, 3
A,   90, VAL,  0.0088,  -0.3746,   0.0003, 0
A,   91, VAL,  0.0597,  -0.3462,   0.0012, 0
A,   92, LEU,  0.1229,  -0.3110,   0.0032, 0
A,   93, LEU,  0.2267,  -0.2531,   0.0085, 0
A,   94, LYS,  0.3856,  -0.1645,   0.0220, 0
A,   95, LYS,  0.1609,  -0.2898,   0.0048, 0
A,   96, VAL,  0.0656,  -0.3429,   0.0014, 0
A,   97, SER,  0.0612,  -0.3454,   0.0013, 0
A,   98, SER,  0.1112,  -0.3175,   0.0027, 0
A,   99, GLY,  0.0937,  -0.3272,   0.0021, 0
A,  100, PHE,  0.4082,  -0.1519,   0.0245, 0
A,  101, SER,  0.2817,  -0.2224,   0.0125, 0
A,  102, GLY,  0.2181,  -0.2579,   0.0079, 0
A,  103, VAL,  0.0739,  -0.3383,   0.0016, 0
A,  104, ILE,  0.3989,  -0.1571,   0.0234, 1
A,  105, ARG,  0.2343,  -0.2489,   0.0090, 0
A,  106, LEU,  0.1446,  -0.2989,   0.0041, 0
A,  107, LEU,  0.0469,  -0.3533,   0.0010, 0
A,  108, ASP,  0.2815,  -0.2226,   0.0125, 0
A,  109, TRP,  0.4058,  -0.1533,   0.0242, 0
A,  110, PHE,  0.1791,  -0.2796,   0.0057, 0
A,  111, GLU,  0.0811,  -0.3342,   0.0018, 0
A,  112, ARG,  0.9254,   0.1364,   0.1217, 0
A,  113, PRO,  0.0148,  -0.3712,   0.0004, 0
A,  114, ASP,  0.0175,  -0.3697,   0.0005, 0
A,  115, SER,  0.1287,  -0.3077,   0.0034, 0
A,  116, PHE,  0.0360,  -0.3594,   0.0007, 0
A,  117, VAL,  0.7267,   0.0256,   0.0753, 0
A,  118, LEU,  0.0136,  -0.3719,   0.0004, 0
A,  119, ILE,  0.3563,  -0.1809,   0.0191, 0
A,  120, LEU,  1.2429,   0.3133,   0.2085, 1
A,  121, GLU,  0.7203,   0.0220,   0.0739, 1
A,  122, ARG,  0.4287,  -0.1405,   0.0269, 1
A,  123, PRO,  0.4688,  -0.1181,   0.0317, 1
A,  124, GLU,  0.0850,  -0.3321,   0.0019, 0
A,  125, PRO,  0.0301,  -0.3627,   0.0006, 0
A,  126, VAL,  0.8190,   0.0770,   0.0956, 1
A,  127, GLN,  0.0536,  -0.3496,   0.0011, 0
A,  128, ASP,  0.6371,  -0.0244,   0.0577, 1
A,  129, LEU,  0.0000,  -0.3795,   0.0002, 0
A,  130, PHE,  0.3278,  -0.1968,   0.0164, 0
A,  131, ASP,  0.0949,  -0.3266,   0.0022, 0
A,  132, PHE,  0.0655,  -0.3430,   0.0014, 0
A,  133, ILE,  0.0880,  -0.3304,   0.0020, 0
A,  134, THR,  0.0716,  -0.3396,   0.0015, 0
A,  135, GLU,  0.0102,  -0.3738,   0.0004, 0
A,  136, ARG,  0.1857,  -0.2759,   0.0061, 0
A,  137, GLY,  0.1403,  -0.3013,   0.0039, 0
A,  138, ALA,  0.1618,  -0.2892,   0.0049, 0
A,  139, LEU,  0.0590,  -0.3466,   0.0012, 0
A,  140, GLN,  0.0736,  -0.3384,   0.0016, 0
A,  141, GLU,  0.0955,  -0.3262,   0.0022, 0
A,  142, GLU,  0.0770,  -0.3365,   0.0017, 0
A,  143, LEU,  0.0742,  -0.3381,   0.0016, 0
A,  144, ALA,  0.0000,  -0.3795,   0.0002, 0
A,  145, ARG,  0.0902,  -0.3292,   0.0020, 0
A,  146, SER,  0.0824,  -0.3335,   0.0018, 0
A,  147, PHE,  0.0008,  -0.3790,   0.0002, 0
A,  148, PHE,  0.0000,  -0.3795,   0.0002, 0
A,  149, TRP,  0.4029,  -0.1549,   0.0239, 0
A,  150, GLN,  0.3481,  -0.1854,   0.0183, 0
A,  151, VAL,  0.0766,  -0.3368,   0.0016, 0
A,  152, LEU,  0.0071,  -0.3755,   0.0003, 0
A,  153, GLU,  0.3583,  -0.1798,   0.0192, 0
A,  154, ALA,  0.1252,  -0.3097,   0.0033, 0
A,  155, VAL,  0.4946,  -0.1038,   0.0352, 0
A,  156, ARG,  0.1675,  -0.2861,   0.0051, 0
A,  157, HIS,  0.1553,  -0.2929,   0.0046, 0
A,  158, CYS,  0.0021,  -0.3783,   0.0003, 0
A,  159, HIS,  0.6949,   0.0079,   0.0686, 0
A,  160, ASN,  0.1569,  -0.2920,   0.0046, 0
A,  161, CYS,  0.1158,  -0.3149,   0.0029, 0
A,  162, GLY,  0.0272,  -0.3643,   0.0006, 0
A,  163, VAL,  0.4528,  -0.1270,   0.0298, 0
A,  164, LEU,  0.6902,   0.0053,   0.0677, 0
A,  165, HIS,  0.6930,   0.0068,   0.0683, 0
A,  166, ARG,  1.4637,   0.4364,   0.2723, 0
A,  167, ASP,  1.6922,   0.5638,   0.3354, 2
A,  168, ILE,  0.7290,   0.0269,   0.0758, 0
A,  169, LYS,  1.0983,   0.2327,   0.1677, 2
A,  170, ASP,  0.2661,  -0.2311,   0.0113, 0
A,  171, GLU,  1.5413,   0.4796,   0.2942, 1
A,  172, ASN,  1.4339,   0.4198,   0.2637, 1
A,  173, ILE,  0.0250,  -0.3656,   0.0006, 0
A,  174, LEU,  2.7417,   1.1487,   0.5673, 1
A,  175, ILE,  0.0000,  -0.3795,   0.0002, 0
A,  176, ASP,  0.4090,  -0.1515,   0.0246, 0
A,  177, LEU,  0.0432,  -0.3554,   0.0009, 0
A,  178, ASN,  0.0212,  -0.3677,   0.0005, 0
A,  179, ARG,  0.4110,  -0.1504,   0.0248, 0
A,  180, GLY,  0.0040,  -0.3772,   0.0003, 0
A,  181, GLU,  0.4947,  -0.1037,   0.0352, 0
A,  182, LEU,  0.0745,  -0.3379,   0.0016, 0
A,  183, LYS,  0.4953,  -0.1034,   0.0353, 0
A,  184, LEU,  0.2273,  -0.2528,   0.0085, 0
A,  185, ILE,  4.2563,   1.9930,   0.7663, 1
A,  186, ASP,  2.5936,   1.0662,   0.5400, 1
A,  187, PHE,  0.5301,  -0.0840,   0.0403, 0
A,  188, GLY,  0.4935,  -0.1044,   0.0350, 2
A,  189, SER,  0.8825,   0.1125,   0.1108, 2
A,  190, GLY,  0.3546,  -0.1818,   0.0189, 0
A,  191, ALA,  0.3797,  -0.1678,   0.0214, 0
A,  192, LEU,  0.2608,  -0.2341,   0.0109, 0
A,  193, LEU,  0.0679,  -0.3416,   0.0014, 0
A,  194, LYS,  0.1799,  -0.2792,   0.0058, 0
A,  195, ASP,  0.0939,  -0.3271,   0.0021, 0
A,  196, THR,  0.0281,  -0.3638,   0.0006, 0
A,  197, VAL,  0.1730,  -0.2830,   0.0054, 0
A,  198, TYR,  0.2825,  -0.2220,   0.0125, 0
A,  199, THR,  0.0287,  -0.3634,   0.0006, 0
A,  200, ASP,  0.5161,  -0.0918,   0.0382, 0
A,  201, PHE,  0.8891,   0.1161,   0.1124, 0
A,  202, ASP,  0.2826,  -0.2220,   0.0125, 2
A,  203, GLY,  0.1769,  -0.2808,   0.0056, 2
A,  204, THR,  0.9465,   0.1481,   0.1269, 2
A,  205, ARG,  0.5617,  -0.0664,   0.0451, 0
A,  206, VAL,  0.2617,  -0.2336,   0.0109, 0
A,  207, TYR,  0.5637,  -0.0653,   0.0454, 0
A,  208, SER,  0.3896,  -0.1623,   0.0224, 0
A,  209, PRO,  0.4414,  -0.1334,   0.0284, 0
A,  210, PRO,  0.0146,  -0.3713,   0.0004, 0
A,  211, GLU,  0.2726,  -0.2275,   0.0118, 0
A,  212, TRP,  0.6184,  -0.0347,   0.0544, 0
A,  213, ILE,  0.2974,  -0.2137,   0.0138, 0
A,  214, ARG,  0.1155,  -0.3151,   0.0029, 0
A,  215, TYR,  0.5147,  -0.0925,   0.0380, 0
A,  216, HIS,  0.4530,  -0.1269,   0.0298, 0
A,  217, ARG,  0.5517,  -0.0720,   0.0435, 0
A,  218, TYR,  0.6896,   0.0049,   0.0676, 0
A,  219, HIS,  0.4758,  -0.1142,   0.0327, 0
A,  220, GLY,  0.9863,   0.1703,   0.1373, 0
A,  221, ARG,  0.5884,  -0.0515,   0.0494, 0
A,  222, SER,  0.5443,  -0.0761,   0.0424, 0
A,  223, ALA,  0.7205,   0.0221,   0.0739, 0
A,  224, ALA,  0.8689,   0.1049,   0.1075, 0
A,  225, VAL,  0.3536,  -0.1824,   0.0188, 0
A,  226, TRP,  0.0195,  -0.3686,   0.0005, 0
A,  227, SER,  0.8573,   0.0984,   0.1046, 0
A,  228, LEU,  0.0000,  -0.3795,   0.0002, 0
A,  229, GLY,  0.0000,  -0.3795,   0.0002, 0
A,  230, ILE,  0.0000,  -0.3795,   0.0002, 0
A,  231, LEU,  0.0000,  -0.3795,   0.0002, 0
A,  232, LEU,  0.0000,  -0.3795,   0.0002, 0
A,  233, TYR,  0.0315,  -0.3619,   0.0007, 0
A,  234, ASP,  0.2645,  -0.2320,   0.0111, 0
A,  235, MET,  0.0013,  -0.3787,   0.0002, 0
A,  236, VAL,  0.0029,  -0.3779,   0.0003, 0
A,  237, CYS,  0.1055,  -0.3206,   0.0025, 0
A,  238, GLY,  0.1530,  -0.2942,   0.0045, 0
A,  239, ASP,  0.3243,  -0.1987,   0.0161, 0
A,  240, ILE,  0.2902,  -0.2177,   0.0132, 0
A,  241, PRO,  0.0637,  -0.3440,   0.0013, 0
A,  242, PHE,  0.0525,  -0.3502,   0.0011, 0
A,  243, GLU,  0.0955,  -0.3262,   0.0022, 0
A,  244, HIS,  0.0076,  -0.3752,   0.0003, 0
A,  245, ASP,  0.0365,  -0.3591,   0.0008, 0
A,  246, GLU,  0.0118,  -0.3729,   0.0004, 0
A,  247, GLU,  0.0562,  -0.3481,   0.0012, 0
A,  248, ILE,  0.0043,  -0.3770,   0.0003, 0
A,  249, ILE,  0.0229,  -0.3667,   0.0005, 0
A,  250, ARG,  0.0392,  -0.3576,   0.0008, 0
A,  251, GLY,  0.0499,  -0.3517,   0.0010, 0
A,  252, GLN,  0.0796,  -0.3351,   0.0017, 0
A,  253, VAL,  0.0713,  -0.3397,   0.0015, 0
A,  254, PHE,  0.1508,  -0.2954,   0.0044, 0
A,  255, PHE,  0.1361,  -0.3036,   0.0037, 0
A,  256, ARG,  0.1123,  -0.3169,   0.0028, 0
A,  257, GLN,  0.1514,  -0.2951,   0.0044, 0
A,  258, ARG,  0.0537,  -0.3495,   0.0011, 0
A,  259, VAL,  0.0647,  -0.3434,   0.0013, 0
A,  260, SER,  0.0629,  -0.3444,   0.0013, 0
A,  261, SER,  0.0684,  -0.3413,   0.0014, 0
A,  262, GLU,  0.0481,  -0.3526,   0.0010, 0
A,  263, CYS,  0.0125,  -0.3725,   0.0004, 0
A,  264, GLN,  0.1486,  -0.2966,   0.0043, 0
A,  265, HIS,  0.2224,  -0.2555,   0.0082, 4
A,  266, LEU,  0.0244,  -0.3658,   0.0006, 0
A,  267, ILE,  0.0092,  -0.3743,   0.0003, 0
A,  268, ARG,  0.2019,  -0.2669,   0.0070, 0
A,  269, TRP,  0.2501,  -0.2400,   0.0101, 4
A,  270, CYS,  0.0113,  -0.3732,   0.0004, 0
A,  271, LEU,  0.0210,  -0.3678,   0.0005, 0
A,  272, ALA,  0.0274,  -0.3642,   0.0006, 0
A,  273, LEU,  0.0610,  -0.3454,   0.0013, 0
A,  274, ARG,  0.0512,  -0.3509,   0.0010, 0
A,  275, PRO,  0.3415,  -0.1891,   0.0177, 0
A,  276, SER,  0.1078,  -0.3194,   0.0026, 0
A,  277, ASP,  0.0519,  -0.3505,   0.0011, 0
A,  278, ARG,  0.0780,  -0.3360,   0.0017, 0
A,  279, PRO,  0.1882,  -0.2745,   0.0062, 0
A,  280, THR,  0.2936,  -0.2158,   0.0135, 0
A,  281, PHE,  0.7591,   0.0436,   0.0821, 0
A,  282, GLU,  0.1919,  -0.2725,   0.0064, 0
A,  283, GLU,  0.1256,  -0.3094,   0.0033, 4
A,  284, ILE,  0.0534,  -0.3497,   0.0011, 0
A,  285, GLN,  0.1205,  -0.3123,   0.0031, 0
A,  286, ASN,  0.0436,  -0.3551,   0.0009, 0
A,  287, HIS,  0.1344,  -0.3045,   0.0036, 4
A,  288, PRO,  0.0809,  -0.3344,   0.0018, 4
A,  289, TRP,  0.0675,  -0.3419,   0.0014, 0
A,  290, MET,  0.0483,  -0.3525,   0.0010, 0
A,  291, GLN,  0.0664,  -0.3424,   0.0014, 0
A,  292, ASP,  0.0320,  -0.3616,   0.0007, 0
A,  293, VAL,  0.1642,  -0.2879,   0.0050, 0
A,  294, LEU,  0.1723,  -0.2834,   0.0054, 0
A,  295, LEU,  0.1659,  -0.2870,   0.0051, 0
A,  296, PRO,  0.3339,  -0.1933,   0.0170, 0
A,  297, GLN,  0.0139,  -0.3717,   0.0004, 0
A,  298, GLU,  0.0196,  -0.3686,   0.0005, 0
A,  299, THR,  0.0294,  -0.3631,   0.0006, 0
A,  300, ALA,  0.0056,  -0.3764,   0.0003, 0
A,  301, GLU,  0.0064,  -0.3759,   0.0003, 0
A,  302, ILE,  0.0259,  -0.3650,   0.0006, 0
A,  303, HIS,  0.0818,  -0.3339,   0.0018, 0
A,  304, LEU,  0.0370,  -0.3589,   0.0008, 0
A,  305, HIS,  0.0323,  -0.3615,   0.0007, 0
A,  306, SER,  0.0210,  -0.3678,   0.0005, 0
B,    3, LYS,  0.0821,  -0.3337,   0.0018, 0
B,    4, ARG,  0.3757,  -0.1701,   0.0210, 0
B,    5, ARG,  0.3480,  -0.1855,   0.0183, 0
B,    6, ARG,  0.7380,   0.0319,   0.0776, 1
B,    7, HIS,  1.1927,   0.2854,   0.1942, 2
